-3.28767123287665e-002    8.17438692098051e-001
 1.15068493150685e+000    1.62670299727520e+002
 1.93972602739726e+000    1.80653950953678e+002
 1.87397260273973e+000    1.47956403269755e+002
 1.67671232876712e+000    1.05449591280654e+002
 1.21643835616438e+000    4.82288828337875e+001
 9.53424657534246e-001    1.88010899182561e+001
 6.90410958904110e-001   -8.99182561307902e+000
 4.93150684931507e-001   -3.18801089918256e+001
 2.30136986301371e-001   -5.47683923705722e+001
-1.64383561643836e-001   -8.41961852861035e+001
-6.24657534246575e-001   -1.18528610354223e+002
-9.53424657534246e-001   -1.44686648501362e+002
-2.00547945205479e+000   -1.64305177111717e+002
-1.93972602739726e+000   -1.38147138964578e+002
-1.67671232876712e+000   -9.72752043596730e+001
-1.28219178082192e+000   -4.49591280653951e+001
-8.87671232876713e-001   -7.35694822888286e+000
-4.27397260273972e-001    2.53405994550409e+001
-9.86301369863014e-002    4.65940054495913e+001
6.24657534246573e-001    9.07356948228883e+001
 1.28219178082192e+000    1.23433242506812e+002
 2.00547945205480e+000    1.61035422343324e+002
 2.79452054794521e+000    1.75749318801090e+002
 3.91232876712329e+000    1.93732970027248e+002
 3.84657534246575e+000    1.54495912806539e+002
 3.58356164383562e+000    1.21798365122616e+002
 3.32054794520548e+000    8.41961852861036e+001
 3.05753424657534e+000    5.31335149863760e+001
 2.72876712328767e+000    2.37057220708447e+001
 2.40000000000000e+000    8.17438692098051e-001
 1.74246575342466e+000   -3.35149863760218e+001
 1.01917808219178e+000   -6.94822888283379e+001
 2.30136986301371e-001   -1.02179836512262e+002
-3.61643835616437e-001   -1.21798365122616e+002
-1.08493150684932e+000   -1.43051771117166e+002
-1.74246575342466e+000   -1.54495912806540e+002
-2.53150684931507e+000   -1.64305177111717e+002
-4.04383561643836e+000   -1.80653950953678e+002
-3.91232876712329e+000   -1.44686648501362e+002
-3.58356164383562e+000   -1.07084468664850e+002
-2.99178082191781e+000   -4.82288828337875e+001
-2.26849315068493e+000   -7.35694822888286e+000
-1.80821917808219e+000    1.06267029972752e+001
-1.21643835616438e+000    2.86103542234332e+001
-5.58904109589042e-001    5.47683923705722e+001
 3.28767123287683e-002    7.76566757493188e+001
 8.21917808219180e-001    1.07084468664850e+002
 2.07123287671233e+000    1.41416893732970e+002
 3.12328767123288e+000    1.65940054495913e+002
 4.24109589041096e+000    1.83923705722071e+002
 5.95068493150685e+000    2.00272479564033e+002
 5.81917808219178e+000    1.54495912806539e+002
 5.29315068493151e+000    1.03814713896458e+002
 4.76712328767123e+000    5.64032697547684e+001
 4.30684931506849e+000    2.04359673024523e+001
 3.91232876712329e+000    4.08719346049048e+000
 3.12328767123288e+000   -1.88010899182561e+001
 2.53150684931507e+000   -3.67847411444142e+001
 1.87397260273973e+000   -5.96730245231608e+001
 1.28219178082192e+000   -8.09264305177112e+001
 4.93150684931507e-001   -1.03814713896458e+002
 3.28767123287683e-002   -1.15258855585831e+002
-6.24657534246575e-001   -1.28337874659401e+002
-1.47945205479452e+000   -1.44686648501362e+002
-2.33424657534247e+000   -1.57765667574932e+002
-4.24109589041096e+000   -1.77384196185286e+002
-6.08219178082192e+000   -1.90463215258856e+002
-5.81917808219178e+000   -1.44686648501362e+002
-5.29315068493151e+000   -9.23705722070845e+001
-4.63561643835616e+000   -4.49591280653951e+001
-3.97808219178082e+000   -8.99182561307902e+000
-3.58356164383562e+000    4.08719346049048e+000
-2.40000000000000e+000    2.86103542234332e+001
-6.90410958904110e-001    8.09264305177112e+001
1.64383561643836e-001    1.03814713896458e+002
